3 70 10 63 71 51 3 36 16 63 46 56 34 13 49 43 75 94 24 77 59 36 49 75 76 55 1 83 91 27 34 28 18 72 39 23 92 58 19 83 85 81 38 54 91 6 69 17 97 80 91 40 35 32 3 24 25 94 27 55 40 45 64 100 4 31 39 28 12 27 53 67 12 49 12 80 83 33 17 36 15 20 76 32 27 37 35 2 24 2 11 5 79 21 21 30 13 3 78 87 36 44 16 76 75 1 42 25 14 93 72 9 47 97 1 26 18 40 51 34
58 99 67 8 38 86 94 53 93 20 37 39 95 55 77 42 89 3 60 50 57 30 30 6 35 11 73 68 13 63 46 51 8 61 98 68 49 24 81 49 77 63 30 33 17 100 54 29 91 34 12 65 38 85 7 13 95 22 12 20 79 76 60 81 25 33 40 37 98 91 76 42 36 59 75 23 58 49 33 26 44 62 64 21 80 61 84 81 49 62 91 38 27 75 54 44 78 41 9 95 47 27 35 41 30 44 11 67 31 28 45 100 67 7 63 94 32 50 100 78
99 36 21 84 4 98 42 37 17 88 22 63 59 85 80 77 87 70 31 56 38 76 47 71 51 74 65 76 11 12 67 69 64 31 62 60 67 7 2 23 56 3 2 92 34 52 73 54 8 6 30 79 97 25 92 28 13 62 3 28 26 96 26 85 32 67 22 49 82 49 26 30 94 19 21 47 68 52 77 77 24 63 8 34 56 80 25 13 95 27 48 85 100 73 55 38 32 29 46 79 100 32 96 86 19 53 11 62 2 10 52 80 91 37 1 27 93 40 65 4
88 90 8 23 86 15 64 24 74 56 73 38 13 16 62 12 48 48 41 43 23 92 55 69 1 97 61 33 74 93 85 53 44 65 51 94 62 78 20 84 24 24 39 23 85 78 55 39 44 85 62 97 71 56 53 67 19 85 89 24 30 23 63 18 3 42 49 23 74 51 8 68 78 97 60 13 25 5 35 59 31 54 2 16 23 82 58 23 92 87 84 73 37 83 49 29 98 12 51 29 77 97 7 78 78 67 49 68 64 53 6 4 49 57 9 85 18 80 98 95
8 86 46 87 40 83 34 85 32 60 20 52 72 68 80 94 34 35 96 81 34 66 9 3 79 93 12 6 44 88 14 21 55 79 96 74 42 49 99 30 29 81 88 84 33 24 18 82 9 88 27 34 83 89 71 99 35 34 46 33 61 17 88 13 26 28 44 38 7 85 10 45 14 47 76 2 18 26 50 52 35 18 86 21 36 13 32 72 84 85 67 14 93 43 42 73 20 3 80 44 3 93 97 8 53 22 11 45 94 65 34 83 89 70 15 42 92 14 21 78
79 81 35 31 13 30 40 87 57 59 3 51 10 67 19 93 72 98 69 69 25 45 73 19 9 35 96 35 63 48 17 42 97 66 51 66 52 7 48 98 53 61 58 79 81 6 97 84 62 52 18 54 48 26 39 21 29 5 16 74 49 68 32 23 59 40 30 30 82 33 48 46 29 31 8 56 51 90 81 83 92 11 70 25 70 37 8 36 49 72 20 62 11 89 66 13 20 12 48 75 28 96 79 39 40 87 33 67 69 72 17 64 85 67 70 9 63 77 97 84
7 13 86 43 60 87 83 84 81 45 29 14 56 49 53 66 66 68 97 95 69 95 32 50 100 64 33 6 95 22 9 25 81 10 52 25 52 27 56 13 4 15 90 2 40 95 75 26 7 47 16 48 93 27 39 81 12 27 56 52 31 40 96 100 66 97 53 77 64 11 56 75 15 98 30 39 59 86 24 11 40 46 59 90 20 52 84 62 62 55 53 40 66 16 46 60 98 34 13 38 34 53 67 26 85 83 25 89 2 86 8 1 80 75 45 2 22 83 85 7
4 16 90 37 36 60 92 5 82 31 25 52 28 56 10 18 30 52 75 20 64 79 79 37 23 81 42 66 36 54 9 98 77 11 82 11 37 71 9 71 60 94 32 60 69 53 71 92 47 83 97 81 57 62 26 26 85 81 82 96 77 95 25 35 13 94 93 47 18 26 21 90 86 42 62 88 50 2 72 39 3 64 14 95 5 86 23 68 27 77 90 52 37 70 91 68 24 47 4 55 18 42 81 7 84 51 3 94 25 85 53 75 58 5 10 15 64 91 13 28
92 23 37 68 76 29 81 75 83 26 69 5 53 48 75 37 44 94 52 6 28 53 96 76 64 12 9 3 91 26 61 76 96 22 83 90 54 74 94 35 33 17 70 44 75 35 25 9 48 33 16 2 30 91 7 23 70 64 40 49 65 37 88 26 75 67 25 13 44 8 79 88 54 14 51 85 41 28 30 37 47 34 55 88 40 38 57 75 47 22 58 16 18 46 67 29 6 60 22 86 1 67 14 15 95 92 46 18 26 21 55 43 93 57 93 59 96 85 54 44
75 20 71 64 75 13 17 30 4 23 53 63 89 68 41 22 30 87 89 73 14 64 2 70 11 24 11 79 52 31 71 6 38 32 80 14 2 24 67 32 65 91 89 90 53 74 35 87 77 51 35 57 85 60 53 10 15 73 79 60 67 65 66 2 32 45 67 52 37 17 67 71 5 57 23 66 100 25 24 14 71 61 32 99 24 26 100 52 39 3 20 99 18 45 81 51 58 3 34 32 16 59 91 51 9 83 1 88 30 37 53 61 25 76 37 65 81 52 29 7
23 98 79 59 28 2 64 45 47 3 44 50 85 74 86 96 4 63 58 14 51 31 9 74 70 88 81 5 39 44 62 7 57 23 97 44 12 12 45 44 76 64 54 96 2 19 40 47 74 100 46 66 52 21 64 44 82 86 12 98 39 17 98 20 83 16 35 91 93 47 62 81 91 54 54 100 82 92 98 79 27 47 89 35 63 25 94 63 9 16 82 45 70 64 1 39 84 99 16 47 80 80 98 79 10 65 54 81 61 3 83 56 100 38 52 9 86 99 56 72
31 68 55 97 9 99 91 22 16 44 81 15 3 70 69 74 76 22 29 47 7 99 3 10 68 35 58 73 5 45 21 41 85 33 80 29 23 64 49 80 20 61 96 78 45 89 20 46 25 24 8 59 81 89 6 82 83 77 83 30 54 21 97 52 66 96 76 68 37 14 2 74 30 64 47 97 54 65 5 96 54 87 73 88 26 36 100 47 45 13 16 56 75 78 72 65 38 16 47 51 81 34 66 5 16 20 1 6 10 31 78 59 54 75 26 94 70 68 86 25
99 13 31 87 87 80 99 62 77 73 58 68 65 58 9 18 18 5 91 24 26 74 54 83 9 92 38 97 70 69 95 61 92 63 34 60 46 88 65 5 36 55 56 22 12 4 28 48 2 24 11 27 37 94 18 56 75 75 82 41 73 79 80 57 80 18 53 86 5 61 66 29 30 94 9 37 67 23 26 16 82 7 63 4 51 16 97 95 85 71 100 27 59 75 35 51 95 35 66 49 63 47 54 62 91 39 85 93 76 35 27 68 9 84 6 49 40 58 31 83
50 5 90 18 44 52 22 46 82 12 7 25 32 2 86 20 48 33 68 15 81 29 64 70 63 27 96 20 17 2 36 8 22 91 31 99 92 70 96 99 56 23 31 55 92 31 1 8 31 44 55 86 17 92 79 1 25 74 14 92 89 75 32 66 81 91 60 92 92 26 25 52 45 7 58 53 8 68 19 9 90 92 53 26 25 32 26 81 17 11 59 42 20 42 52 86 67 16 71 39 59 63 90 79 65 25 24 74 22 15 68 91 60 86 27 51 51 85 36 27
5 29 71 45 38 93 19 31 85 6 22 47 69 92 26 68 37 12 90 19 8 68 29 27 74 29 55 74 41 100 66 34 9 48 94 65 28 58 77 85 62 62 40 16 79 64 21 13 76 43 51 25 50 93 73 80 59 1 79 42 82 80 70 62 55 97 65 22 85 100 27 24 91 47 38 3 35 64 35 60 10 77 35 69 70 60 76 70 47 19 6 35 62 9 10 95 49 23 31 4 93 44 36 97 74 37 11 82 51 62 1 84 47 83 87 18 30 72 58 9
54 45 56 37 18 11 82 94 58 98 72 68 9 53 4 79 97 40 2 87 87 5 33 33 92 83 85 53 89 21 96 73 80 37 30 65 77 7 40 57 54 42 76 85 39 94 55 70 55 65 22 34 73 93 33 55 48 43 39 16 19 44 29 15 86 99 6 62 11 40 58 74 98 95 84 47 13 82 17 26 24 35 36 69 75 83 57 35 15 26 37 93 77 52 21 58 3 69 18 4 16 46 43 13 76 2 46 15 86 14 31 60 73 2 74 78 24 65 3 28
73 25 49 19 90 53 36 90 99 21 38 19 29 45 39 40 54 94 96 11 3 68 48 66 65 94 66 36 92 97 25 14 99 2 1 15 6 75 43 56 82 86 4 48 1 62 86 41 28 83 66 45 10 23 24 39 56 24 35 71 11 71 50 29 28 59 100 67 89 63 45 31 69 20 58 46 16 56 57 99 40 82 22 92 73 31 4 36 10 54 14 12 10 41 74 70 4 59 26 89 91 59 74 35 11 35 95 9 98 11 75 58 92 14 90 29 87 84 46 67
52 55 17 22 80 85 86 12 59 59 63 56 21 69 38 32 8 48 39 9 12 27 68 83 55 39 65 31 5 51 92 2 89 4 91 21 77 98 77 51 62 49 20 40 6 57 70 38 85 62 7 47 61 69 96 53 61 89 20 54 61 95 34 88 33 6 24 1 6 32 79 88 16 71 84 18 26 53 57 58 32 61 93 6 73 80 20 16 19 92 17 26 25 84 58 70 92 90 24 26 13 35 76 29 29 44 55 93 62 91 15 83 11 22 48 38 44 36 11 32
95 81 14 71 9 26 86 18 90 7 44 9 32 56 9 8 26 81 34 29 85 98 76 77 93 79 89 20 55 37 69 54 95 83 70 74 15 82 21 30 72 50 15 25 35 70 92 28 61 92 75 42 67 86 73 85 75 10 57 94 80 4 83 29 55 62 61 58 29 7 51 93 65 57 1 66 100 65 51 26 48 80 88 41 80 48 44 58 36 74 81 54 54 11 63 77 1 7 16 51 45 61 41 100 74 70 50 5 45 18 22 73 86 13 29 97 33 27 56 76
12 92 76 43 66 25 95 82 23 53 90 10 10 53 61 73 37 56 31 25 25 76 23 93 12 11 96 42 4 11 62 71 67 11 18 46 50 23 90 68 48 100 19 9 33 97 97 58 80 31 47 50 8 15 16 34 20 11 23 32 59 8 48 95 29 27 24 69 24 78 81 48 36 8 27 34 16 11 9 66 98 44 38 12 67 31 92 96 72 8 89 24 82 79 76 17 55 24 21 2 26 39 18 77 44 33 27 12 14 14 71 62 7 54 80 28 24 84 15 44
43 82 22 33 7 58 89 24 48 62 5 52 76 21 39 8 86 72 26 12 79 95 41 40 32 61 82 96 93 63 2 77 26 61 94 23 44 19 32 24 96 94 84 4 52 49 87 23 80 96 76 25 71 64 38 94 28 61 67 18 89 95 96 35 71 74 78 78 92 50 30 54 3 63 18 76 52 65 11 44 2 2 93 79 43 79 78 78 91 91 19 74 81 40 33 26 64 4 41 59 3 97 40 73 82 1 4 10 79 55 82 26 70 12 14 78 34 39 69 68
97 98 38 14 48 87 61 15 64 7 7 92 22 86 93 73 68 88 57 93 42 62 71 89 98 52 69 2 84 13 12 10 95 50 41 20 6 38 57 33 80 23 73 60 44 24 38 42 61 57 65 42 75 23 37 74 89 89 57 88 33 15 18 6 80 11 11 43 67 27 55 56 50 61 73 24 49 31 89 88 22 87 21 91 76 72 77 8 11 59 31 43 22 79 35 83 8 58 48 87 55 6 90 5 68 76 5 33 9 56 96 24 5 2 76 42 4 95 93 15
29 75 36 3 14 41 48 94 55 61 92 49 35 53 35 38 9 32 60 56 61 90 90 49 48 47 82 87 12 95 12 63 25 51 57 81 37 39 48 9 1 2 80 40 86 70 63 5 22 53 3 12 55 5 68 91 6 56 43 88 42 85 78 21 25 9 29 47 87 67 11 86 95 33 67 4 88 96 59 53 81 48 77 42 93 57 4 55 40 47 24 27 76 71 47 39 45 45 93 99 13 32 85 48 100 96 85 9 18 71 54 75 56 40 26 28 47 26 56 19
49 64 7 82 25 67 76 91 71 45 23 57 70 86 66 88 49 33 54 63 78 55 85 41 58 25 62 100 31 5 71 17 93 77 30 28 93 4 4 49 17 59 33 95 18 17 35 72 8 19 7 35 58 61 50 61 76 19 5 1 51 97 82 5 68 24 17 26 33 59 43 75 86 30 46 3 22 6 79 58 87 87 51 100 66 32 67 43 88 83 24 20 74 71 11 77 62 80 90 86 84 82 33 75 46 6 63 100 28 64 14 45 97 43 62 82 64 40 23 65
96 76 82 91 8 85 8 3 72 41 7 83 18 43 91 20 94 92 54 86 26 19 21 86 58 13 28 58 74 62 74 77 43 58 47 96 42 53 60 34 45 11 31 69 15 41 84 74 48 42 1 1 95 87 87 75 39 56 46 7 47 9 5 90 54 1 72 54 63 90 76 30 49 83 34 4 28 4 88 18 30 70 79 34 28 69 84 42 59 60 95 13 43 41 91 56 15 90 27 81 59 8 30 28 88 60 49 5 16 65 16 71 52 12 8 28 11 72 24 86
26 70 35 68 78 58 56 95 8 4 42 98 2 12 44 42 39 42 30 59 75 27 14 5 48 26 29 23 46 88 31 20 20 81 35 29 9 48 80 60 88 83 60 64 20 25 57 14 41 38 95 46 33 38 92 92 48 82 37 100 4 49 38 90 18 81 21 2 59 96 7 50 12 67 50 99 6 51 70 24 2 50 4 50 47 10 81 17 39 67 64 9 38 76 32 42 63 90 35 21 80 9 10 17 98 57 31 7 91 58 21 42 75 68 43 80 40 32 38 51
73 85 26 16 66 40 53 3 7 53 28 78 25 59 96 25 64 84 95 97 56 42 76 86 66 95 30 11 88 3 94 46 63 61 72 9 58 25 26 82 54 41 97 35 20 55 62 71 29 60 70 96 63 44 66 59 93 28 68 7 91 27 68 42 11 53 21 82 34 92 25 93 45 98 4 30 91 11 14 98 18 5 16 24 98 51 100 21 56 26 33 4 6 100 63 40 79 63 45 41 12 23 20 62 34 80 79 26 42 97 26 2 5 88 82 41 88 80 72 33
89 73 86 95 8 71 60 62 55 83 100 65 14 24 11 88 67 71 33 55 39 65 61 84 64 4 99 44 89 21 84 77 74 13 2 51 57 19 97 34 57 55 15 58 7 14 32 40 20 12 31 18 44 33 3 18 66 13 67 72 98 12 99 91 14 58 61 92 57 72 93 64 99 21 64 60 43 18 45 56 67 18 91 30 64 67 49 34 40 75 82 89 69 76 33 35 73 73 63 58 61 22 80 42 48 32 33 40 86 18 25 54 46 14 59 83 87 26 18 7
28 95 73 31 57 53 11 67 35 21 44 6 59 42 2 58 32 28 54 13 21 24 44 41 28 2 74 5 90 70 82 26 20 68 43 7 75 84 4 85 1 50 81 47 25 99 80 59 68 30 5 79 35 96 27 94 61 44 81 68 55 12 25 18 47 50 8 35 44 32 76 12 6 56 33 65 3 69 77 29 54 45 28 47 28 4 48 95 10 63 98 77 36 98 80 63 50 65 53 89 21 53 27 8 70 56 64 37 55 96 41 29 64 81 98 19 80 78 93 10
50 31 59 39 28 30 29 41 31 22 49 9 25 31 34 70 25 13 55 89 27 89 44 34 54 22 52 1 60 65 30 42 25 17 83 46 48 19 38 80 88 76 19 89 96 18 88 88 32 31 37 15 90 91 67 36 74 88 4 5 15 41 81 60 3 48 47 83 79 10 75 25 84 67 42 35 31 15 93 24 78 19 50 46 81 10 17 19 26 20 32 45 41 54 24 18 37 48 57 9 41 42 10 71 44 67 27 78 49 37 17 38 47 3 90 55 94 82 46 100
5 49 19 39 98 77 2 22 6 77 83 64 70 55 65 18 18 73 96 23 14 73 57 40 36 69 50 72 59 24 47 65 19 11 77 46 43 69 63 83 94 60 40 84 98 57 75 38 84 16 84 56 42 85 64 88 63 13 40 95 79 14 38 73 45 99 31 90 99 18 91 90 69 60 53 22 30 32 44 44 77 76 19 27 42 83 90 81 46 29 94 79 51 75 5 65 13 48 80 31 46 80 71 93 76 73 29 80 1 9 37 51 46 37 29 75 48 30 71 15
17 87 36 29 53 68 7 34 89 22 76 18 16 8 86 34 69 43 87 88 95 15 93 83 37 48 19 40 26 58 44 15 46 86 44 43 31 27 29 65 17 97 95 78 46 17 28 28 54 91 82 86 21 30 96 89 4 16 48 55 72 72 44 7 47 54 20 59 64 62 13 41 91 93 98 71 39 15 42 44 39 55 59 28 73 55 22 83 14 29 68 43 8 63 7 77 11 51 31 92 68 39 61 59 65 59 16 42 67 26 15 96 14 62 32 16 21 44 44 59
40 11 28 16 52 35 1 4 14 30 21 55 72 22 37 85 58 94 69 29 83 39 27 2 41 25 27 85 1 67 100 60 96 3 86 42 7 32 23 37 16 50 63 70 47 33 27 13 74 26 73 82 73 21 34 29 79 5 19 95 43 72 12 59 88 64 4 42 89 38 16 7 42 51 59 43 77 14 13 30 26 20 73 25 31 68 20 58 100 59 49 43 37 81 52 14 15 54 2 11 91 66 96 34 83 90 19 6 70 52 18 56 80 71 43 32 20 65 70 7
77 38 27 40 98 60 82 63 22 34 34 21 28 39 19 18 71 97 39 45 59 16 70 40 10 11 10 57 89 58 91 10 69 87 52 98 6 68 100 18 75 42 10 4 4 30 38 79 2 86 45 10 19 76 45 77 44 32 7 55 36 57 51 14 68 76 20 61 9 29 25 69 100 28 65 29 99 73 72 38 5 56 47 43 90 82 96 39 24 2 27 14 11 57 95 96 46 11 31 49 72 56 93 58 84 63 39 7 73 70 29 42 67 44 80 91 32 5 98 82
48 82 39 70 13 3 70 6 88 59 94 19 82 91 61 8 8 16 16 86 23 80 29 63 60 49 56 51 26 58 87 59 27 59 34 88 55 5 36 66 53 36 72 70 47 52 76 11 2 97 33 6 80 39 45 38 81 59 32 9 15 47 79 60 61 37 57 55 4 65 65 87 77 27 9 82 8 3 82 23 80 20 85 44 77 44 92 30 4 90 63 12 23 10 35 7 51 17 82 23 83 14 45 18 12 95 37 52 40 58 3 41 29 100 32 34 56 78 82 71
15 94 41 88 34 94 14 36 3 50 83 61 51 45 1 49 39 48 85 23 62 51 88 40 10 94 87 87 95 25 83 81 26 32 86 93 45 96 96 45 83 32 99 84 85 77 16 82 4 46 88 31 5 33 59 20 29 84 28 40 77 89 60 96 11 87 22 36 91 14 46 48 99 11 86 7 31 77 6 76 41 54 86 8 98 72 27 21 56 84 65 70 26 30 20 69 88 87 6 76 12 66 74 76 81 60 37 1 92 56 84 59 62 39 55 63 71 24 17 40
26 45 10 14 63 33 91 31 24 84 53 37 36 71 22 97 75 21 87 79 44 71 68 96 93 41 28 98 83 42 98 20 72 4 49 79 18 53 77 82 43 87 59 35 92 73 69 4 84 52 96 71 91 20 16 30 96 100 48 43 54 53 83 57 36 55 4 30 14 87 79 99 49 67 73 47 82 45 24 48 32 57 4 32 10 50 16 41 30 21 19 14 25 17 71 20 80 16 2 25 68 77 91 1 19 36 50 56 37 90 73 53 72 14 32 14 48 81 10 17
55 38 13 81 82 91 34 11 87 66 43 74 73 85 60 24 68 11 90 50 94 92 38 71 90 73 11 42 61 25 84 11 36 81 11 62 11 10 81 100 86 58 91 24 66 10 87 76 52 54 5 1 46 27 19 11 72 53 45 6 49 3 53 62 80 6 96 76 23 82 95 58 83 70 99 8 50 16 98 1 95 23 43 98 58 20 2 100 18 50 14 92 29 86 9 78 55 3 100 67 43 7 8 54 4 36 22 32 73 20 95 52 90 98 13 48 41 34 53 54
90 21 43 75 96 78 65 75 73 14 7 80 98 9 12 15 80 43 32 34 64 33 85 40 72 33 18 3 40 65 27 33 22 76 43 12 58 75 39 74 63 14 26 46 96 21 64 17 8 44 6 33 38 63 25 65 61 86 67 47 9 93 12 45 97 73 42 90 99 82 89 62 16 4 8 57 1 90 31 36 90 41 66 89 39 18 92 72 90 36 54 93 62 27 16 75 15 64 48 13 24 62 27 75 28 14 85 9 69 84 61 92 44 12 86 3 75 26 59 12
93 83 65 44 18 66 16 82 73 87 14 77 64 75 63 33 91 94 89 46 49 28 86 70 89 52 50 74 7 56 17 61 84 79 59 76 22 94 23 87 37 8 82 38 71 2 99 57 34 3 97 93 36 64 66 25 50 54 80 6 89 35 71 87 11 77 80 66 20 59 37 100 57 22 70 25 49 5 34 62 91 89 16 13 54 66 58 33 93 72 66 7 95 64 19 46 48 84 77 64 74 90 42 55 1 49 54 17 7 82 68 56 16 21 54 22 36 30 61 90
32 24 51 26 21 21 59 79 73 12 40 100 23 66 43 11 63 30 84 50 40 24 13 71 45 38 79 25 24 38 68 5 74 89 23 86 53 24 10 29 45 30 51 29 75 27 87 52 81 47 78 1 68 16 14 44 28 32 56 5 48 12 25 9 4 68 74 75 57 52 17 96 76 4 2 56 31 85 54 7 66 46 3 32 96 8 2 54 43 59 4 66 32 11 10 10 40 91 53 9 44 97 70 5 78 12 51 35 98 57 77 71 78 11 56 97 38 90 57 45
69 4 19 56 10 11 58 41 48 16 7 29 54 72 51 35 76 13 20 76 24 2 10 92 34 4 39 23 60 97 56 21 15 57 14 76 20 16 93 40 31 6 80 82 100 92 35 81 5 96 36 82 21 96 83 58 88 31 66 31 37 54 14 63 91 13 83 12 29 95 84 65 26 30 85 24 9 69 27 30 1 80 7 66 42 67 51 58 26 15 96 16 66 52 3 58 75 97 8 10 65 3 34 99 71 50 28 47 73 31 25 23 89 49 94 34 42 96 83 70
36 16 85 18 13 22 51 34 62 42 24 26 28 64 63 31 28 92 11 64 88 46 27 14 11 99 92 24 69 45 85 84 36 43 38 13 92 63 54 19 36 33 4 42 55 79 31 11 40 75 57 5 54 83 68 30 41 10 41 95 51 25 3 56 16 2 22 77 38 92 69 70 58 73 26 100 37 95 47 29 8 20 63 40 68 45 61 63 34 7 49 16 37 57 56 64 59 15 29 43 64 23 31 46 39 35 8 7 78 80 41 25 50 61 40 73 85 24 28 50
15 77 28 45 22 3 9 30 53 22 91 86 37 27 72 43 55 69 17 27 35 78 99 97 8 20 32 34 14 25 67 97 18 44 3 84 22 57 9 77 75 29 73 50 100 40 69 69 86 33 62 5 91 69 45 87 85 72 7 81 33 23 89 86 69 20 97 32 89 69 4 50 32 42 94 40 84 2 81 89 17 2 73 12 30 90 49 38 14 38 73 61 24 2 31 33 100 6 22 22 48 7 22 39 56 8 2 94 26 66 15 62 38 72 80 76 96 52 1 66
97 44 87 75 82 66 15 8 5 69 79 73 62 65 55 98 79 19 9 50 100 87 22 20 47 32 22 65 77 31 100 19 84 20 4 9 55 28 15 93 74 21 55 64 67 57 8 74 17 28 32 19 69 33 63 71 88 1 64 43 78 24 86 58 86 10 76 57 12 34 66 19 74 39 66 90 3 78 76 19 63 42 57 34 61 4 96 84 59 91 16 71 98 25 56 26 72 56 40 30 36 43 5 86 21 37 32 84 87 33 59 18 96 37 39 14 96 33 76 30
86 14 20 52 41 20 25 27 80 4 50 64 87 68 98 87 91 13 21 28 93 24 77 98 44 65 59 79 91 55 15 65 72 99 83 50 24 73 17 97 8 64 16 44 13 82 51 32 45 7 38 69 12 33 99 7 20 30 38 93 85 10 22 89 58 17 42 90 65 86 76 57 39 91 89 89 26 50 79 83 6 1 22 7 61 31 76 65 7 89 73 68 30 59 47 75 34 36 99 79 74 61 83 58 90 26 78 27 59 35 6 56 6 89 45 70 57 67 96 13
61 81 95 69 78 64 40 18 74 72 24 9 7 9 28 28 55 7 30 42 99 89 89 89 98 94 84 15 41 35 35 85 18 90 69 91 90 95 85 14 57 50 24 52 18 78 77 4 76 28 37 99 98 57 99 8 56 92 74 85 4 93 38 67 6 61 61 70 61 27 8 75 91 16 12 61 45 92 26 64 80 60 95 53 57 54 72 96 30 75 47 100 87 4 4 59 30 97 65 23 35 77 83 14 17 100 47 46 7 16 49 26 84 76 64 20 95 44 36 65
51 20 51 4 48 13 53 67 25 86 8 8 16 59 37 18 66 82 8 53 88 9 96 37 6 66 17 56 24 19 100 96 84 6 55 42 53 70 18 73 35 80 22 83 97 67 86 47 58 28 6 6 72 95 78 98 48 16 69 94 60 48 83 23 87 89 65 41 1 1 61 80 25 75 12 8 57 44 7 25 85 12 2 19 96 55 27 72 45 53 36 13 4 41 73 56 70 82 11 37 81 33 64 60 38 100 33 89 56 3 22 45 88 69 50 2 27 96 4 11
54 26 67 13 90 53 30 19 69 51 45 42 83 26 66 54 70 22 13 40 23 6 85 38 21 64 72 34 37 2 100 91 29 61 36 42 80 57 23 70 34 18 25 25 73 61 56 53 53 65 60 64 84 59 3 76 74 11 11 99 47 37 35 44 28 65 1 97 62 82 79 7 51 22 81 13 70 77 81 1 95 22 95 65 61 14 45 99 15 4 44 50 63 17 5 11 70 82 25 28 82 73 10 97 43 68 56 62 11 22 44 66 41 36 57 91 37 17 18 8
82 94 9 98 51 11 7 79 48 56 33 58 78 49 100 80 10 31 42 84 18 40 72 81 86 55 98 3 77 66 82 62 77 9 9 63 75 38 7 44 60 68 76 52 97 50 14 5 56 3 92 32 1 88 70 48 62 27 50 48 3 64 9 33 31 30 48 37 73 58 79 74 44 69 57 23 11 41 15 10 58 36 100 13 27 65 64 74 78 52 86 30 73 63 87 1 69 16 30 36 35 28 59 74 51 59 31 28 33 29 35 21 23 26 60 87 92 23 49 12
9 23 37 98 14 87 29 11 77 71 36 13 24 70 85 11 98 26 7 26 50 2 2 66 47 14 8 14 57 26 25 51 19 43 87 74 11 49 66 66 65 11 25 95 12 46 99 57 3 15 71 14 94 68 65 91 15 71 50 39 97 99 44 48 76 32 12 12 58 68 78 78 52 69 49 94 43 60 32 13 24 13 62 38 93 100 79 50 1 1 68 45 24 93 67 58 60 39 32 48 9 24 50 27 42 8 4 99 26 78 44 49 16 52 64 60 28 44 80 74
91 36 53 8 2 16 85 50 96 23 52 16 24 61 65 58 76 72 67 77 12 50 24 27 84 88 33 95 61 90 52 43 48 25 93 21 68 96 26 90 91 28 3 58 65 44 99 42 9 1 73 56 21 15 7 82 34 90 2 8 38 22 40 41 1 55 45 18 41 34 82 88 13 62 42 61 18 76 84 67 17 64 58 44 94 81 17 27 80 85 50 57 11 18 15 13 4 26 64 29 9 81 58 35 35 82 67 9 1 77 32 1 68 31 70 90 94 57 10 64
1 9 5 88 78 4 1 26 39 7 98 17 76 53 49 51 64 58 84 54 53 47 56 85 91 72 82 16 29 13 55 43 30 38 40 68 5 59 70 32 82 32 11 47 71 70 55 85 64 96 16 5 15 43 43 46 88 59 17 24 43 79 23 92 33 61 25 17 47 23 99 76 39 79 19 57 29 57 97 24 71 68 56 93 61 32 9 12 1 26 67 62 20 30 66 29 48 89 98 48 100 29 83 25 32 16 55 1 42 65 97 80 21 52 14 6 74 90 91 7
78 91 16 20 49 31 24 96 58 30 47 68 21 24 14 99 20 53 86 78 90 62 5 17 63 62 8 97 70 74 7 56 33 9 89 84 77 17 37 60 48 4 70 57 69 36 80 38 79 16 56 61 94 32 80 52 88 77 37 12 17 26 7 90 72 89 45 25 16 40 14 85 36 8 9 31 52 85 22 58 85 80 46 80 100 20 67 67 32 13 93 33 64 72 19 61 46 5 100 59 19 80 38 55 80 77 11 63 50 24 63 20 43 49 11 89 83 16 49 48
36 79 25 96 50 87 73 77 100 23 78 71 60 13 18 91 59 3 52 72 7 19 3 59 16 7 7 35 28 47 45 71 99 81 52 39 47 96 15 95 40 18 96 100 33 96 16 68 6 6 12 30 80 84 30 71 24 75 14 11 57 14 6 10 93 41 70 32 55 5 56 65 16 66 21 14 86 44 26 18 87 75 76 77 32 99 85 61 8 68 69 68 56 59 25 59 62 39 35 82 75 8 64 90 35 56 69 41 21 81 47 49 40 77 99 42 60 82 6 20
50 2 86 21 63 28 80 25 26 13 60 33 10 25 80 31 9 47 24 1 40 16 63 26 48 64 73 32 34 87 88 12 92 86 87 69 98 51 14 12 6 17 36 57 36 90 30 42 55 55 11 75 14 19 35 88 96 72 3 75 68 29 8 25 81 22 24 89 39 16 51 53 65 98 91 35 25 25 56 29 12 28 29 90 63 36 62 27 66 98 15 91 33 88 92 99 50 68 87 7 8 21 95 15 11 52 21 86 86 53 74 35 96 11 10 74 19 71 28 24
12 1 99 17 69 81 10 75 33 79 42 34 16 20 31 98 33 52 91 30 42 94 78 33 19 90 74 56 99 66 69 37 61 17 71 95 53 63 33 8 56 20 4 2 60 12 82 54 74 48 63 76 65 16 6 17 58 88 78 15 82 11 33 48 38 30 45 19 27 50 94 30 75 30 93 91 34 34 52 60 82 42 35 90 64 20 89 73 47 62 5 27 16 21 21 80 9 81 87 85 25 54 54 18 28 5 26 58 100 40 93 7 41 70 15 46 61 73 75 76
16 53 79 16 90 96 100 50 68 69 32 35 87 24 26 51 93 69 97 54 73 72 42 11 39 54 85 24 6 39 81 35 1 74 93 91 98 93 75 37 18 38 40 7 35 26 37 45 49 58 68 99 94 33 70 92 37 88 47 50 54 98 57 52 40 60 37 62 86 58 96 37 92 100 15 84 91 14 56 36 52 17 27 21 53 28 57 6 6 71 60 74 6 27 21 61 95 64 21 19 82 73 97 66 84 76 46 87 74 8 17 44 30 53 8 65 4 71 20 2
14 31 69 75 84 17 88 81 33 48 8 66 24 22 25 28 52 33 32 42 60 22 50 46 40 86 65 14 82 68 17 99 34 33 88 13 46 84 47 37 31 2 55 61 94 47 100 4 39 99 37 79 50 70 6 41 25 76 29 32 19 34 46 86 65 71 87 96 39 68 17 63 35 33 20 22 39 90 19 53 82 10 86 73 51 47 98 73 57 84 68 71 84 94 6 9 91 36 1 77 40 34 10 53 95 85 53 52 23 74 21 11 11 11 61 49 7 85 8 75
49 53 59 8 96 10 38 58 92 37 18 43 51 25 10 94 82 55 13 3 71 55 58 46 32 89 4 41 58 89 42 66 55 95 41 70 11 80 12 44 84 91 71 14 42 53 41 23 44 18 81 60 61 61 14 99 52 52 19 71 17 82 51 26 37 23 18 57 97 83 90 31 12 99 31 23 33 43 88 61 66 6 51 34 7 45 78 45 40 12 8 18 14 48 72 15 26 3 90 29 19 87 96 92 95 96 58 81 82 77 2 61 19 95 45 81 92 58 72 36
62 50 69 50 95 75 55 93 51 69 45 99 88 73 12 98 17 42 12 35 91 29 23 94 7 94 94 65 17 48 66 41 88 5 25 16 100 92 22 53 7 69 100 46 84 12 88 45 47 82 86 4 95 70 12 93 22 58 99 54 29 60 20 50 93 1 8 3 39 9 8 58 13 21 50 74 15 20 95 5 4 39 55 45 38 97 92 4 81 71 98 49 40 77 16 81 46 78 18 11 46 52 82 24 72 19 43 75 82 65 45 19 84 61 47 84 32 24 67 97
78 73 13 69 78 47 88 1 81 9 88 52 4 37 54 96 13 50 4 38 52 32 6 1 39 72 50 48 46 57 1 63 96 25 31 62 19 6 63 91 56 53 73 31 81 42 78 80 98 38 64 34 13 48 63 81 37 8 37 17 27 27 2 91 84 41 21 13 16 54 25 77 42 14 41 79 86 17 97 26 18 27 59 99 9 61 91 79 31 70 38 20 31 23 23 83 79 79 5 25 68 92 51 5 4 76 89 52 62 17 40 50 37 10 65 46 65 83 94 5
16 17 8 55 90 100 91 29 42 55 13 70 55 91 12 71 36 20 91 10 77 14 49 42 51 82 23 29 96 23 20 25 48 17 20 56 97 69 18 56 68 3 92 32 26 3 16 97 56 77 53 94 11 45 54 100 81 83 59 46 34 16 6 34 88 83 67 42 63 77 85 21 46 21 67 16 59 25 91 9 91 47 94 86 4 77 46 59 66 10 35 96 91 10 71 5 27 86 10 78 24 45 78 98 86 60 45 92 48 39 50 98 90 94 3 77 93 34 82 59
26 53 27 48 20 45 15 52 93 66 48 31 68 27 43 29 66 21 77 46 53 87 91 60 7 99 11 56 57 56 76 89 98 58 69 28 91 58 91 93 42 67 82 85 44 2 48 89 85 66 22 94 48 77 72 15 24 89 42 52 5 44 10 15 28 48 75 94 10 4 65 3 66 5 6 40 59 90 23 3 75 37 65 6 7 15 65 72 60 92 72 42 35 32 75 15 30 48 68 33 53 7 47 86 94 25 54 4 89 39 6 61 1 69 92 20 41 75 12 94
84 1 57 65 1 26 51 9 83 77 12 22 18 51 24 15 81 66 85 54 94 26 4 57 42 2 57 23 90 72 59 69 30 10 94 70 26 38 55 95 24 59 48 67 83 57 29 85 79 88 24 89 11 50 65 14 50 45 35 15 30 98 77 61 64 57 42 43 70 18 10 95 52 74 2 66 27 72 40 68 77 16 49 97 43 79 78 97 61 5 59 65 90 93 34 55 65 37 85 78 62 40 96 76 14 86 48 6 27 100 31 60 22 29 74 95 34 33 29 76
60 98 59 67 57 66 71 6 90 99 60 62 68 83 53 90 89 68 50 12 73 57 14 18 98 63 14 73 97 69 32 65 57 56 14 60 47 48 87 22 57 89 53 56 51 63 90 50 50 59 34 86 83 4 75 44 49 74 49 29 90 10 19 99 99 32 64 61 77 27 98 68 20 61 42 18 72 45 38 50 15 99 74 78 28 75 36 72 27 66 80 38 67 20 12 59 51 5 17 91 90 32 20 50 94 18 78 94 72 92 93 52 3 16 1 44 73 21 60 46
45 96 18 45 31 16 25 55 50 11 74 23 9 26 10 78 16 1 70 79 64 4 7 60 66 39 19 86 84 67 83 88 38 67 47 57 95 100 57 9 17 78 10 40 53 93 95 31 52 40 97 65 79 77 17 76 12 31 77 38 27 63 1 20 10 92 91 62 25 14 64 16 43 95 65 90 31 85 47 70 60 69 11 73 1 84 90 62 70 72 42 86 69 23 47 53 58 69 63 24 43 41 42 57 33 56 31 34 49 50 74 46 71 71 24 62 59 91 6 45
91 63 82 5 34 77 44 79 65 8 18 39 92 30 56 50 1 23 1 67 10 25 8 39 66 59 44 76 8 4 73 17 7 82 73 32 7 13 44 11 31 92 28 4 85 23 41 1 21 20 98 5 14 9 18 9 99 39 32 95 20 15 56 7 23 51 19 49 91 37 23 76 76 73 73 6 97 86 69 77 52 45 98 76 62 34 59 68 84 61 83 52 91 90 94 29 81 62 89 67 86 11 94 82 20 8 34 49 99 30 69 35 30 88 65 85 40 9 84 45
8 16 97 58 66 67 19 9 99 37 58 46 56 26 28 89 72 7 65 42 70 4 16 45 56 68 96 22 34 48 19 15 64 69 39 17 27 85 63 67 20 10 70 46 2 19 97 90 51 96 28 15 35 91 26 97 25 50 38 65 87 17 70 34 26 98 91 21 68 64 67 1 49 68 22 40 91 28 18 51 25 35 99 78 48 38 67 82 81 8 7 18 16 68 16 86 40 57 47 75 5 1 94 77 73 71 21 27 79 27 93 75 19 22 60 98 80 24 63 65
84 84 35 39 8 71 93 92 97 81 34 86 84 15 20 38 63 95 87 27 86 27 16 71 92 75 49 36 15 14 91 8 3 5 43 46 79 92 46 27 66 99 13 86 43 2 97 96 66 9 60 44 49 77 70 60 4 37 65 39 41 86 94 21 64 47 86 46 9 90 54 75 97 89 99 99 77 18 38 4 71 56 40 47 95 15 48 67 11 32 33 59 83 95 52 19 22 83 4 27 70 97 61 81 8 41 19 70 10 60 70 28 4 20 24 63 96 71 60 71
65 29 15 80 72 77 86 91 54 76 9 2 95 54 71 55 94 30 48 33 3 46 77 78 88 38 51 24 16 68 76 93 11 78 17 50 92 84 11 27 33 10 42 81 55 7 64 3 28 13 87 78 39 2 71 41 43 40 86 66 88 43 47 11 76 21 34 66 63 9 11 53 52 49 34 11 14 26 9 100 72 44 78 21 94 24 5 18 57 44 51 50 79 2 6 59 84 42 26 23 46 3 78 60 30 30 69 85 97 58 29 35 76 9 76 48 100 46 66 96
27 77 60 99 81 23 64 16 52 51 82 89 36 78 56 89 68 23 31 64 38 20 89 82 91 79 17 69 25 70 2 75 56 80 80 93 98 17 96 58 91 30 81 17 61 74 2 50 72 31 45 57 83 91 15 15 54 71 97 23 30 99 61 71 100 60 23 24 71 84 25 46 73 14 83 29 97 92 59 49 80 35 78 19 8 15 89 90 19 87 17 67 74 57 4 100 20 77 14 49 14 73 12 39 66 3 52 19 73 7 59 81 75 92 62 50 71 72 74 57
44 57 32 31 74 61 18 59 14 91 47 7 46 55 7 45 98 22 77 47 60 11 95 23 37 79 13 27 18 54 34 82 52 84 18 65 96 58 99 3 8 78 100 62 72 78 13 80 26 65 85 59 66 69 9 89 75 11 92 61 24 94 98 88 76 85 24 64 50 92 23 40 93 67 77 19 61 70 22 73 69 98 28 85 55 83 79 33 12 69 14 28 17 15 81 63 38 30 96 49 79 99 23 7 38 9 16 24 46 56 22 74 67 81 82 4 52 51 85 74
100 15 67 20 29 73 27 27 84 37 8 2 23 76 61 87 42 28 83 27 82 7 42 57 53 80 56 96 12 8 13 21 75 71 84 45 33 21 8 93 69 21 48 29 51 53 12 36 44 68 1 15 58 95 5 94 38 97 100 49 87 39 13 88 34 12 15 16 20 29 33 52 42 23 66 81 82 4 49 42 67 66 50 61 8 56 43 31 26 47 33 24 14 74 44 41 31 78 42 96 2 83 84 16 9 97 8 66 48 85 22 93 56 41 63 87 86 75 44 70
49 66 96 12 43 15 46 7 77 70 68 22 60 35 27 13 40 77 9 25 13 10 17 66 13 33 87 31 15 95 29 54 51 87 98 33 64 37 48 74 49 95 62 32 1 23 90 16 14 86 57 41 45 61 53 40 21 3 18 92 72 80 49 19 53 61 36 48 68 89 88 15 56 53 6 24 29 25 23 100 8 41 4 74 29 61 19 63 56 77 64 55 11 46 88 54 6 4 5 95 76 53 96 49 71 52 26 77 68 44 92 25 88 69 63 44 76 58 53 64
10 69 97 6 2 38 83 46 42 60 70 56 58 91 12 4 17 1 29 63 90 8 24 96 48 97 45 4 26 25 57 70 96 43 34 31 44 19 32 19 94 61 93 75 24 79 34 32 39 63 60 3 60 62 71 15 15 8 58 13 60 1 33 5 29 9 86 93 78 5 73 17 1 76 72 42 45 27 8 42 7 82 89 7 77 68 74 44 30 31 51 91 93 42 33 65 73 97 85 57 18 48 81 65 39 72 70 7 30 1 41 61 31 14 86 65 33 60 16 2
55 56 82 6 41 56 31 94 69 22 56 61 18 65 49 14 40 65 76 13 10 36 33 65 30 20 90 85 41 21 53 42 4 33 17 39 96 71 81 85 91 12 22 95 81 59 40 72 68 56 100 96 40 20 60 6 80 18 14 89 51 84 85 43 100 37 80 4 39 32 14 65 25 75 19 99 3 86 97 43 68 48 36 92 23 1 71 89 94 90 84 15 73 60 37 73 56 81 41 8 20 58 15 10 54 8 95 99 73 58 99 31 67 29 11 6 4 40 53 57
15 96 6 46 78 53 67 84 34 71 30 100 65 90 14 57 11 70 86 21 82 60 15 1 77 27 21 21 73 84 30 26 19 58 3 6 47 27 65 40 28 65 74 34 46 66 1 81 47 1 93 35 6 82 99 92 71 18 75 69 25 33 19 28 94 30 92 40 51 90 23 18 37 38 41 4 29 68 59 2 78 6 67 84 1 87 18 97 48 43 48 19 84 55 27 24 97 99 87 23 66 47 15 69 30 27 19 4 92 55 9 28 12 15 96 85 44 40 60 66
4 53 56 29 74 59 82 13 35 82 34 35 52 17 83 57 25 58 45 78 10 71 49 95 25 14 61 64 58 75 21 53 51 24 55 81 20 36 100 43 64 69 28 64 77 20 90 50 96 93 66 52 99 33 97 56 58 62 37 40 11 78 58 13 17 5 74 3 77 94 65 14 40 46 50 86 70 69 40 85 82 3 70 56 80 96 84 46 30 32 28 21 75 84 94 58 91 51 20 49 69 25 26 19 3 76 95 58 30 99 78 21 88 73 66 41 48 68 31 49
13 99 22 95 11 42 25 5 84 82 77 77 52 6 70 33 58 71 38 55 29 46 7 50 44 45 20 68 59 45 56 78 3 67 88 43 50 97 15 57 20 34 45 14 19 16 77 20 100 16 22 94 88 98 83 85 96 66 14 79 37 59 13 72 13 100 44 60 92 6 13 42 92 75 53 4 1 83 100 40 30 10 48 53 81 47 62 40 35 12 96 88 7 43 77 47 54 2 68 30 37 64 22 32 31 98 75 23 46 16 98 26 98 93 22 86 38 26 5 9
50 71 16 6 19 8 13 75 82 26 96 29 42 64 66 60 21 58 97 72 18 37 10 85 42 9 86 64 59 50 43 39 19 76 80 13 19 7 27 92 26 31 42 10 25 96 34 36 58 27 27 90 26 56 99 53 81 79 19 79 38 51 68 63 100 58 3 10 3 82 85 59 4 25 64 24 69 22 80 94 86 94 83 21 53 36 38 66 83 90 6 8 93 78 36 35 44 41 13 20 17 95 18 71 58 36 53 71 23 25 22 18 94 62 7 6 35 10 17 81
1 14 1 29 27 5 39 41 80 57 70 23 67 81 23 20 19 17 61 19 92 74 51 42 89 87 50 47 65 76 59 33 78 31 3 96 96 42 78 13 46 39 3 27 56 8 18 43 92 19 5 21 73 83 88 8 15 5 57 18 85 40 76 94 2 38 28 53 92 17 32 81 40 74 47 73 100 37 49 46 64 74 15 60 69 50 7 67 77 9 74 31 65 62 45 24 97 97 28 54 8 32 6 75 77 62 98 56 44 47 99 75 27 55 73 88 33 74 54 48
66 65 15 12 64 48 100 88 92 86 92 13 47 1 94 82 50 79 85 92 43 62 40 42 93 24 11 17 55 40 61 53 30 87 39 11 23 84 51 97 22 93 55 61 77 27 6 22 37 94 66 81 93 86 89 29 2 7 43 60 53 30 22 16 29 91 34 7 12 1 46 95 39 36 57 34 99 26 57 47 28 58 23 44 82 79 93 42 75 84 91 56 90 22 55 48 43 95 97 92 77 67 79 6 47 13 58 37 8 54 15 2 78 95 23 64 66 18 84 52
47 49 78 37 35 83 63 37 41 65 11 10 53 30 56 91 70 67 47 29 4 8 29 82 44 61 63 5 42 66 58 15 18 12 92 32 18 9 38 8 18 20 20 78 17 87 64 37 41 63 43 42 47 55 14 7 36 29 42 91 21 76 28 68 4 76 94 47 77 45 96 36 10 40 96 27 7 49 27 4 71 67 14 24 81 63 2 9 80 90 60 3 43 10 53 57 74 49 3 72 39 90 78 13 98 18 72 29 65 28 30 92 21 5 64 35 59 81 77 97
95 100 73 63 21 14 1 56 51 83 35 78 77 48 27 51 49 76 67 53 39 12 79 26 53 92 62 56 64 20 39 78 30 67 5 74 94 59 32 81 35 15 26 86 17 15 27 39 59 40 93 46 27 14 36 5 81 44 59 62 40 12 69 40 79 4 49 21 98 77 3 34 23 52 12 38 57 84 42 39 72 90 66 55 71 89 24 89 12 86 35 2 40 17 86 36 28 62 100 85 5 33 97 65 65 54 30 60 40 14 17 25 84 60 91 75 17 89 12 90
46 9 2 58 58 23 87 28 60 89 10 27 96 34 82 13 67 10 95 87 46 53 27 17 64 76 98 11 32 54 23 57 72 73 49 48 8 23 78 6 60 57 100 42 41 20 38 70 52 10 39 48 64 81 24 69 95 49 50 9 89 77 85 65 45 14 27 43 14 72 21 97 22 83 48 47 22 71 26 29 89 64 67 41 69 99 77 95 5 83 68 64 14 97 6 18 73 37 76 35 98 62 71 14 84 38 32 4 3 67 5 8 93 31 42 60 53 22 36 94
31 3 1 100 86 22 2 8 68 12 32 1 58 94 96 64 21 6 27 31 26 1 95 53 40 100 32 80 80 18 95 10 80 75 2 54 37 9 66 68 7 78 60 63 25 78 9 23 38 11 50 83 33 52 80 72 22 26 41 22 95 67 81 92 72 25 2 20 91 12 41 77 69 44 35 87 59 84 37 27 21 82 84 93 35 13 33 67 19 64 26 84 53 50 95 59 35 81 58 36 41 65 83 15 78 47 73 73 48 4 20 4 96 46 17 71 72 42 29 32
12 65 57 80 78 94 79 67 25 13 12 25 30 35 81 54 22 20 66 19 1 84 66 59 14 31 81 79 13 17 88 62 80 54 80 89 66 83 11 4 43 79 58 60 6 3 70 35 69 26 23 83 61 98 92 27 92 5 92 4 9 45 94 81 67 17 11 52 78 93 3 51 68 6 55 100 1 39 14 61 16 86 19 40 64 5 28 52 92 57 11 14 52 70 36 26 81 41 76 32 85 1 25 62 28 90 11 49 20 41 37 72 74 30 94 14 35 45 92 86
96 86 65 54 66 9 57 7 71 82 73 24 15 74 27 20 36 64 71 63 58 1 71 72 64 32 16 14 44 90 60 18 83 32 22 83 48 61 25 34 56 60 17 95 64 20 56 50 51 86 18 30 91 69 21 50 64 59 26 19 49 69 2 99 18 11 47 21 32 22 68 83 36 96 28 82 77 27 32 69 45 58 60 47 23 63 58 45 36 43 91 81 98 93 72 73 55 84 90 60 44 24 47 8 60 69 91 11 32 28 23 54 62 8 25 69 39 53 66 41
19 69 51 16 37 70 25 45 32 90 97 57 48 39 49 43 70 19 8 37 56 66 30 64 66 30 14 72 2 6 42 2 93 36 83 96 48 77 37 41 48 21 87 43 86 36 66 99 16 47 89 8 50 81 88 52 98 22 10 65 88 31 88 81 99 76 61 14 94 17 89 75 84 5 41 58 100 6 94 24 41 19 54 52 44 85 49 72 89 39 65 46 78 50 34 17 28 61 87 45 63 78 32 70 58 3 66 42 93 86 78 26 62 21 1 54 12 43 21 38
51 61 43 69 34 34 96 94 100 96 88 70 100 76 82 43 40 74 42 76 69 78 9 10 2 49 24 33 44 77 41 97 69 93 85 65 34 43 48 12 59 60 57 3 63 51 11 84 29 34 89 75 53 52 91 99 5 1 98 33 40 62 60 77 38 86 78 43 1 69 16 4 46 21 84 98 94 24 88 99 94 23 51 79 96 67 28 33 51 87 15 2 66 31 54 39 38 92 50 6 24 81 87 77 52 67 19 34 48 86 35 56 1 22 49 28 30 23 21 49
44 10 100 29 32 93 92 14 53 71 77 58 85 66 81 75 41 95 21 95 26 93 10 57 96 70 10 95 35 61 96 30 85 38 72 77 17 25 48 2 79 27 20 87 14 100 71 62 93 91 63 90 95 62 17 8 78 51 70 86 47 80 44 48 21 23 91 54 78 2 84 51 97 49 33 81 98 51 43 15 92 65 63 97 99 31 74 8 16 21 33 43 15 72 38 27 52 82 41 12 89 37 19 14 66 44 14 29 74 32 27 73 83 25 87 70 14 30 43 97
20 45 44 38 26 17 64 19 6 2 10 28 72 36 10 69 98 96 39 26 24 42 39 96 1 37 6 65 92 3 79 99 80 38 46 1 53 67 76 61 48 7 23 17 98 77 95 18 46 6 30 16 30 13 45 8 43 31 53 80 54 84 74 63 75 48 35 58 42 39 61 56 13 94 67 91 96 91 56 29 97 65 81 100 68 2 55 34 39 62 78 41 7 87 61 56 6 59 16 64 87 44 36 68 73 25 34 54 12 35 96 32 91 73 95 92 16 7 36 73
27 27 83 55 79 23 99 74 15 84 28 68 3 35 79 86 17 18 53 19 24 35 60 17 72 2 29 30 68 54 44 85 46 56 31 46 71 28 44 49 96 22 62 32 30 6 40 61 11 68 91 65 55 9 19 55 36 28 61 13 43 94 60 34 76 27 35 23 9 15 88 22 32 5 29 18 45 91 53 85 49 80 16 8 77 28 97 66 16 36 65 98 37 44 78 5 14 15 97 9 7 26 20 36 76 90 6 77 22 85 58 10 35 97 24 28 43 81 50 51
99 1 60 36 10 18 80 20 39 16 99 68 81 23 50 87 42 7 47 37 63 88 97 24 99 10 24 22 44 54 38 85 5 95 62 87 15 34 1 94 91 99 100 28 37 13 53 76 52 34 95 75 52 49 44 52 55 82 74 13 20 93 98 84 63 19 84 7 47 79 14 44 50 47 17 37 77 5 26 29 41 82 30 94 79 47 90 21 10 54 40 73 23 93 5 68 16 64 73 48 58 98 26 24 49 24 41 100 60 50 26 36 50 84 28 70 98 30 16 99
36 64 38 31 66 47 71 94 84 54 89 43 68 78 29 64 51 98 19 12 62 28 66 16 97 38 2 39 84 90 76 31 21 43 74 77 68 57 68 49 23 93 16 35 54 98 63 35 24 54 26 78 39 19 5 46 96 86 47 22 77 39 80 68 70 3 98 25 77 85 69 81 1 77 75 92 87 13 48 50 56 11 59 48 20 23 68 21 14 23 31 38 74 94 27 2 70 12 41 54 77 90 29 10 71 95 21 27 59 36 85 11 44 81 4 72 20 13 61 93
8 86 67 11 62 58 54 37 17 95 43 81 41 84 12 84 88 86 58 78 10 21 5 4 46 28 51 65 95 40 82 42 52 9 81 29 37 84 19 57 39 83 17 92 40 12 10 64 12 2 26 83 13 79 24 4 24 13 51 99 46 40 26 84 32 70 71 53 55 14 36 23 37 24 53 85 2 73 16 25 16 76 38 46 99 98 15 64 38 14 61 3 96 10 89 84 75 16 53 70 37 26 32 14 34 47 41 67 43 27 5 64 7 75 64 81 28 34 81 66
2 9 31 23 24 52 92 41 62 64 17 4 5 91 76 26 30 14 29 99 24 66 73 23 73 91 79 26 20 24 34 52 14 38 4 61 93 52 94 63 91 92 37 75 97 65 2 8 46 11 47 71 96 67 77 60 70 20 96 8 12 55 38 21 61 11 36 13 32 98 83 14 68 10 96 80 61 53 16 51 8 42 53 57 95 81 3 22 22 99 24 15 71 23 73 86 19 66 47 13 7 92 71 3 88 65 42 1 15 89 41 7 14 93 34 52 9 8 85 37
78 38 16 79 9 64 28 37 37 98 74 95 49 80 30 93 24 66 15 69 93 12 94 12 72 58 98 21 27 4 10 14 25 91 15 45 31 59 70 56 86 44 80 90 62 21 61 60 82 31 32 89 46 19 29 58 96 96 18 27 47 86 11 44 11 6 78 84 11 39 75 17 70 14 45 46 71 87 19 1 8 6 84 46 98 99 20 66 12 7 17 9 39 81 7 79 37 41 31 100 71 12 12 88 25 82 61 24 78 55 41 74 49 38 67 37 86 37 10 79
55 39 99 50 11 57 97 3 70 74 44 10 30 95 3 35 16 39 21 63 97 87 13 69 38 100 98 65 41 84 52 5 25 33 28 91 41 30 72 1 90 20 84 68 9 46 58 72 46 45 92 11 75 53 89 77 77 38 35 51 51 40 12 57 70 40 8 38 75 65 93 31 45 15 75 20 6 99 37 78 39 81 62 20 81 1 72 63 32 38 52 13 20 22 4 1 59 52 4 70 44 37 74 12 95 24 46 50 3 89 90 34 11 62 51 38 78 85 50 33
